100

5 7
2453233
2858686
2618325
9156478
1148587

9 10
7651714247
6811729853
2385771188
3689827249
1114966859
7464945118
9943247215
4668629919
8379153841

9 2
99
12
12
39
39
56
76
52
22

2 10
7811518271
2279474556

3 2
42
68
72

5 7
2229991
5362327
4797466
3268774
4863824

2 1
4
9

6 10
4148732735
4752228376
5683224298
3979243861
8397227558
4153974141

9 8
37842593
33442985
87296882
12988876
19623766
59654557
32455327
77173686
64967164

4 2
56
13
71
66

5 2
41
67
69
56
48

7 3
419
287
531
328
757
721
675

8 4
6587
2736
1515
4443
6933
3696
5778
6264

9 6
195119
848233
859763
823393
669818
859155
989654
596676
288578

4 9
996684158
842471863
225913743
888341761

4 3
127
458
323
922

2 10
2125561183
5544322556

2 6
785679
183298

4 8
84637974
57472275
39592869
47177235

5 6
356594
841394
744586
777772
155829

5 4
6337
9997
7947
4793
2891

10 2
79
25
36
22
47
17
87
68
39
72

8 6
194311
843769
693532
994282
333386
219673
221995
983453

1 3
349

9 6
434976
415813
249136
947945
279243
248662
921358
684792
889832

9 1
6
6
6
9
8
4
5
8
5

2 6
853917
825674

10 7
4921739
4395972
9875166
2319221
7139857
4625872
5672898
1994362
7156984
3896687

8 8
74348318
74825581
96956194
54343629
79689647
26376147
89914893
91548274

4 10
5442643928
3179833143
9667944941
6466722293

3 5
91782
86929
81424

4 6
761258
641344
192128
994614

7 6
633468
986597
285772
219347
347323
177485
175328

10 7
6577858
2565366
4326667
4959236
5539838
5628149
7761339
8386742
5658812
6315631

2 9
373869551
239794639

10 5
98537
47377
28227
51929
45929
13331
44232
13177
65642
71863

1 10
3192421866

1 5
65611

10 2
63
53
43
66
86
85
79
83
45
57

6 1
3
2
2
7
9
1

10 9
612884978
782957728
959378389
296421264
874551961
951562953
581586977
859745426
953411131
987855129

8 2
27
29
19
31
25
98
35
85

10 4
7629
3589
8551
9446
7927
4337
8533
4425
1687
5126

2 1
5
6

9 3
552
696
666
261
714
216
654
512
123

9 4
9419
5139
7552
8347
4269
5193
7331
5734
5717

4 7
9816151
5482623
1376268
5544662

8 4
3176
7993
2184
5954
5734
9723
4252
8254

8 5
93529
42247
31863
42493
29345
58111
26386
75273

6 9
337751326
674249376
233262384
848386326
231564661
761642432

4 9
174618448
415918929
935856373
762792756

7 1
2
8
9
1
9
7
6

7 3
784
957
653
835
131
931
784

2 5
96563
65325

3 10
8959671679
9251382582
6131853363

9 1
3
8
8
6
5
7
4
2
5

6 7
5363667
6681391
5156545
8489172
3835262
2736337

10 10
2695156428
5485341572
7248525597
4537814512
7172733369
2166162325
7668144698
4476691942
4695453322
1955365392

3 1
1
6
9

9 2
37
13
82
23
85
58
35
82
28

6 9
342494792
268118979
475189778
189199647
379669593
934644365

2 10
8565236772
9762752838

10 10
2871448396
1635332956
4491426164
7186758696
6654526532
5129347725
6928925673
1563238155
7577286916
3851846983

1 8
95763368

8 9
395351446
582941858
254832863
973887267
115972813
389258177
912555896
326399991

5 9
863819572
999818282
447139695
153834213
574981979

7 9
341529826
198369899
862982237
754638622
939241927
499291868
681735317

4 3
734
599
989
335

8 10
4844159914
9527974228
5298974611
6935786651
3383226758
6455337944
1794953116
9924829574

3 5
31135
96862
59644

2 10
9235511734
3937441455

2 10
7775662612
5987468742

9 4
2671
5551
1318
1866
7721
1445
7783
3645
4823

3 9
513835427
743161269
644548278

2 7
4643373
6619198

3 9
592395665
684171786
792649129

4 6
776125
772317
973695
997642

4 6
591274
251659
883887
843841

5 3
313
346
428
532
636

9 10
2952925445
9251695654
6936522582
9553717136
9996864458
4511416918
5741495963
2423975757
6814738695

9 6
958953
739625
975857
869612
411285
889597
517274
754639
768111

7 5
19855
23356
79185
94797
79491
25538
95187

2 3
465
993

6 1
6
3
6
7
3
7

4 9
782473365
496166679
375438795
556581684

4 8
61717772
64141889
39361453
67696575

3 4
2943
1959
2186

3 9
534842579
383168286
918817138

2 6
597852
496213

6 1
9
8
7
9
8
7

6 7
6292891
9681918
3519267
7695865
9953524
6167697

4 2
48
31
74
81

7 3
874
737
329
947
757
374
251

1 10
2797474349

5 4
2133
8336
8914
2775
8756

8 8
94884248
93227412
96372269
49524995
56374481
63832462
21943237
79358257

10 9
478481151
282273428
683681742
925188564
441832568
664647434
782726463
957623186
231144635
231435569

9 2
35
62
58
88
27
16
46
48
66

6 4
8461
9191
7199
6912
9153
9999

6 4
3456
5429
6656
7555
3678
1255

